vertical_margin = [30;40;40;50;40;40;40;40;40];
normal_margin = [40;40;40;40;40;40;40;40;40];
harris_margin = [0.12; 0.12; 0.12; 0.09; 0.12; 0.115; 0.12; 0.12; 0.12];