detection = [90, 70, 5, 135, 120; 120, 120, 5, 155, 110; 130, 130, 5, 195, 130; 130, 130, 10, 140, 140; 130, 130, 130, 165, 130; 130, 130, 110, 140, 140; 140, 140, 140, 200, 140; 140, 140, 140, 180, 180; 500, 120, 120, 120, 40];
clustering = [200, 200, 200, 200, 200; 200, 200, 200, 200, 200; 200, 200, 200, 200, 200; 200, 200, 200, 200, 200; 200, 200, 200, 200, 200; 200, 200, 200, 200, 200; 200, 200, 200, 200, 200; 200, 200, 200, 200, 200; 200, 200, 200, 200, 200];